Values from codec:
0.559097
0.566726
0.574355
0.581984
0.589612
0.597241
0.604870
0.612499
0.620128
0.627757
0.635386
0.643015
0.650644
0.658273
0.665902
0.673531
0.681160
0.688789
0.696417
0.704046
0.711675
0.719304
0.726933
0.734562
0.742191
0.749820
0.757449
0.765078
0.772707
0.780336
0.787965
0.795594
0.803222
0.810851
0.818480
0.826109
0.833738
0.841367
0.848996
0.856625
0.864254
0.871883
0.879512
0.887141
0.894770
0.902399
0.910027
0.917656
0.925285
0.932914
0.940543
0.948172
0.955801
0.963430
0.971059
0.978688
0.986317

Real values:
0.000000
0.125000
0.250000
0.375000
0.500000
0.625000
0.750000
0.875000
1.000000
1.125000
1.250000
1.375000
1.500000
1.625000
1.750000
1.875000
2.000000
2.125000
2.250000
2.375000
2.500000
2.625000
2.750000
2.875000
3.000000
3.125000
3.250000
3.375000
3.500000
3.625000
3.750000
3.875000
4.000000
4.125000
4.250000
4.375000
4.500000
4.625000
4.750000
4.875000
5.000000
5.125000
5.250000
5.375000
5.500000
5.625000
5.750000
5.875000
6.000000
6.125000
6.250000
6.375000
6.500000
6.625000
6.750000
6.875000
7.000000
